//¤¡//
1 1 1 0 0
0 0 0 1 0 
0 0 0 0 1
0 0 0 1 1 
0 0 0 1 0
0 0 0 1 0
0 0 0 1 1
//¤¤//
1 0 0 0 0
0 1 0 0 0
0 1 0 0 0
1 0 0 0 0 
0 0 0 0 0
0 1 0 0 1 
1 0 1 0 1
// 
1 1 0 0 0
1 1 0 0 0
1 1 0 0 0
1 0 0 0 0 
1 0 0 0 0
1 1 1 1 1 
1 0 1 1 1
//¤§//
0 1 1 0 1
1 0 0 1 0
0 1 0 0 0
0 1 0 0 0
1 0 0 0 0
1 0 1 0 1
0 0 1 0 1
//¤©//
0 1 1 0 1
0 0 0 0 0
0 0 0 0 0
1 0 1 0 1
0 0 0 0 0
1 0 0 0 0
1 0 1 0 1 
¶Ç´Ù¸¥ ¤©
1 1 1 1 1
0 0 0 0 1
0 0 0 0 0
1 1 0 1 1
0 0 0 0 0
1 0 0 0 0
1 1 1 1 1 
//¤±//
1 1 1 1 1
1 0 0 0 1
1 0 0 1 1
1 0 0 0 1
1 0 0 1 0
1 0 0 1 1
1 1 1 1 0 
//¤µ//
0 0 1 0 0
0 0 0 0 0
0 0 1 0 0
0 1 0 1 0
0 0 0 0 0
1 0 0 0 0
0 0 0 0 1
//¤²
1 0 0 0 1
1 0 0 0 1
1 1 1 1 1
1 0 1 0 1
1 0 0 0 1
0 0 0 0 0
0 1 1 1 0
//¤·
0 0 1 0 0
0 0 0 1 0
1 0 0 0 1
1 0 0 0 0
1 0 0 0 1
0 0 0 1 0
0 0 1 0 0